1.514237785339355469e+01
1.881327438354492188e+01
6.439742088317871094e+00
1.788117599487304688e+01
1.891485214233398438e+01
4.758709335327148438e+01
4.343011093139648438e+01
1.319389533996582031e+01
8.096010208129882812e+00
1.839477539062500000e+01
1.367742156982421875e+01
1.236229133605957031e+01
1.151591491699218750e+01
4.579653549194335938e+01
2.104076385498046875e+01
3.753559112548828125e+01
4.108310317993164062e+01
2.700971603393554688e+01
2.204244422912597656e+01
7.476817131042480469e+00
1.197851477577759027e+01
1.786856079101562500e+01
2.269742202758789062e+01
1.959672546386718750e+01
4.602407073974609375e+01
1.272810101509094238e+00
1.644739341735839844e+01
1.005967044830322266e+01
2.699430465698242188e+01
2.352015686035156250e+01
8.247526168823242188e+00
4.191495895385742188e+01
1.382966232299804688e+01
1.265647506713867188e+01
7.545815467834472656e+00
1.141098308563232422e+01
1.181550884246826172e+01
9.243853569030761719e+00
6.118245124816894531e+00
3.749112701416015625e+01
1.250296401977539062e+01
4.184756278991699219e+00
3.742120361328125000e+01
1.319295501708984375e+01
2.248468780517578125e+01
9.858400344848632812e+00
1.155581283569335938e+01
1.416771125793457031e+01
1.785155868530273438e+01
1.138460922241210938e+01
1.254414749145507812e+01
4.684475708007812500e+01
1.173446846008300781e+01
6.565902233123779297e+00
1.435484218597412109e+01
5.568294525146484375e+00
3.072447776794433594e+00
1.913732910156250000e+01
1.484775543212890625e+01
8.436910629272460938e+00
2.904778480529785156e+01
2.136435317993164062e+01
1.697470664978027344e+01
1.058966674804687500e+02
3.926891326904296875e+01
2.161943054199218750e+01
1.427071952819824219e+01
8.506202697753906250e+00
3.992929840087890625e+01
3.539742946624755859e+00
2.846104383468627930e+00
8.626380920410156250e+00
1.388283729553222656e+01
1.427153015136718750e+01
9.491477966308593750e+00
1.091337585449218750e+01
8.432685852050781250e+00
6.838813781738281250e+00
1.426651668548583984e+01
1.544820690155029297e+01
1.935466384887695312e+01
3.341405105590820312e+01
2.224876785278320312e+01
