0.000000000000000000e+00
-3.791517019271850586e-02
4.658621847629547119e-01
0.000000000000000000e+00
7.290495634078979492e-01
1.486910939216613770e+00
5.635330080986022949e-01
3.226794004440307617e-01
0.000000000000000000e+00
3.371840119361877441e-01
-4.658874273300170898e-01
0.000000000000000000e+00
0.000000000000000000e+00
2.378845214843750000e+00
-1.864804029464721680e+00
-2.152750194072723389e-01
1.475308418273925781e+00
1.146192431449890137e+00
4.309512674808502197e-01
5.416617393493652344e-01
-6.519631147384643555e-01
5.135742425918579102e-01
1.253388285636901855e+00
3.118642330169677734e+00
5.097846388816833496e-01
-1.185517832636833191e-01
9.333894848823547363e-01
-6.838667392730712891e-02
-4.343754053115844727e-02
-6.565886735916137695e-01
4.322909712791442871e-01
7.321719527244567871e-01
-8.997607827186584473e-01
9.272290021181106567e-02
1.122499823570251465e+00
3.402751684188842773e-01
2.853272259235382080e-01
1.111462831497192383e+00
-2.022061496973037720e-01
-1.660240888595581055e+00
6.750470399856567383e-01
1.467593669891357422e+00
7.251430153846740723e-01
5.857563614845275879e-01
-3.111209392547607422e+00
4.918834686279296875e+00
-6.867990493774414062e-01
2.637964189052581787e-01
1.150546312332153320e+00
1.826322436332702637e+00
1.277151107788085938e+00
7.535940408706665039e-01
7.154451012611389160e-01
3.360746502876281738e-01
1.166406512260437012e+00
2.258628755807876587e-01
8.819233775138854980e-01
-1.047009706497192383e+00
0.000000000000000000e+00
0.000000000000000000e+00
0.000000000000000000e+00
-2.970923483371734619e-01
0.000000000000000000e+00
-9.631544351577758789e-02
-4.428701400756835938e-01
-2.541126310825347900e-01
-1.557939052581787109e+00
-8.066175132989883423e-02
6.257477402687072754e-01
6.536184549331665039e-01
0.000000000000000000e+00
5.960540175437927246e-01
-2.391449213027954102e+00
1.039691716432571411e-01
3.034965038299560547e+00
5.022331476211547852e-01
2.884747695922851562e+01
7.172727584838867188e-01
2.960426092147827148e+00
2.364146709442138672e+00
-4.488162517547607422e+00
3.257309913635253906e+00
-1.014733612537384033e-01
