0.000000000000000000e+00
-3.434443771839141846e-01
7.612651586532592773e-01
0.000000000000000000e+00
1.581652402877807617e+00
5.651921033859252930e-02
1.057675838470458984e+00
-9.147672653198242188e-01
0.000000000000000000e+00
2.604714632034301758e-01
-5.168748497962951660e-01
0.000000000000000000e+00
0.000000000000000000e+00
1.071624279022216797e+00
9.641180634498596191e-01
2.050326824188232422e+00
1.313673377037048340e+00
6.172599792480468750e-01
4.185291528701782227e-01
8.993648290634155273e-01
-5.489000082015991211e-01
3.925808668136596680e-01
1.761777520179748535e+00
8.516336083412170410e-01
3.356178104877471924e-01
1.400927662849426270e+00
1.555614322423934937e-01
-7.699944972991943359e-01
-2.872749567031860352e-01
4.920754432678222656e-01
5.611973255872726440e-02
-6.281866431236267090e-01
2.246461808681488037e-01
3.536023944616317749e-02
6.579717397689819336e-01
3.951860219240188599e-02
2.100627124309539795e-02
7.974281907081604004e-01
5.556354522705078125e+00
-1.214891225099563599e-01
1.728145360946655273e+00
4.225550651550292969e+00
5.236272811889648438e-01
1.587814688682556152e-01
7.972691535949707031e+00
5.906103849411010742e-01
-8.753889799118041992e-02
8.941602110862731934e-01
1.834608197212219238e+00
1.377742528915405273e+00
1.236619234085083008e+00
3.101592302322387695e+00
6.860485672950744629e-01
5.741733312606811523e-01
2.705911397933959961e-01
9.490175247192382812e-01
-2.611715197563171387e-01
0.000000000000000000e+00
0.000000000000000000e+00
0.000000000000000000e+00
1.381524682044982910e+00
0.000000000000000000e+00
5.660361051559448242e-01
-1.569946706295013428e-01
6.608169078826904297e-01
1.580578207969665527e+00
2.436870783567428589e-01
9.643087387084960938e+00
7.790807485580444336e-01
0.000000000000000000e+00
3.823009729385375977e-01
-8.086488246917724609e-01
3.693938255310058594e-01
4.668009757995605469e+00
9.321824312210083008e-01
2.828690147399902344e+01
8.537752151489257812e+00
2.774492740631103516e+00
2.349776268005371094e+00
-6.746498584747314453e+00
1.100451087951660156e+01
3.640749216079711914e+00
