6.272119283676147461e-01
-3.771599829196929932e-01
-5.266986489295959473e-01
2.925717353820800781e+01
-1.949372887611389160e-01
1.435021877288818359e+00
2.101269960403442383e+00
0.000000000000000000e+00
2.002218246459960938e+00
1.611593008041381836e+00
1.653651356697082520e+00
3.971261501312255859e+00
8.368737697601318359e-01
-3.533155918121337891e-01
1.673890233039855957e+00
1.669800758361816406e+00
1.998397350311279297e+00
2.544076204299926758e+00
3.053439617156982422e+00
2.056738853454589844e+00
-1.412371546030044556e-02
9.357710838317871094e+00
-2.705775737762451172e+00
1.221294760704040527e+00
9.275025129318237305e-01
-3.315037250518798828e+00
