-2.430120117187500000e+03
6.579218750000000000e+03
-9.409468994140625000e+02
1.025896093750000000e+04
1.184263427734375000e+03
6.031121826171875000e+02
-4.486246093750000000e+03
1.494328735351562500e+03
6.058291015625000000e+03
-2.179448242187500000e+02
2.493393750000000000e+04
2.335104736328125000e+03
-2.633530029296875000e+03
1.288778515625000000e+04
1.727884887695312500e+03
7.257680175781250000e+03
3.507111083984375000e+03
7.387557373046875000e+02
1.854876953125000000e+03
8.051853027343750000e+02
9.039108886718750000e+02
5.474214843750000000e+03
3.786030273437500000e+03
-4.203028320312500000e+03
2.618083740234375000e+03
5.380140991210937500e+02
