1.292564392089843750e+01
3.716584014892578125e+01
2.992613220214843750e+01
1.211565685272216797e+01
1.721123313903808594e+01
2.080187225341796875e+01
1.194493961334228516e+01
8.248251914978027344e+00
1.884628105163574219e+01
4.022565460205078125e+01
2.545071220397949219e+01
1.545599937438964844e+01
1.837120246887207031e+01
2.930087661743164062e+01
1.800324249267578125e+01
5.237194824218750000e+01
2.073822784423828125e+01
2.843741416931152344e+01
2.809600448608398438e+01
2.178507995605468750e+01
5.098686218261718750e+01
1.053368091583251953e+01
1.510056781768798828e+01
2.408331680297851562e+01
6.776831817626953125e+01
1.374620532989501953e+01
1.071533775329589844e+01
