3.566753491759300232e-02
3.491913899779319763e-02
3.463283553719520569e-02
5.171342194080352783e-02
5.382469296455383301e-02
3.514868393540382385e-02
3.977567330002784729e-02
4.181756451725959778e-02
3.735085949301719666e-02
3.416693583130836487e-02
5.140766128897666931e-02
7.848056405782699585e-02
4.964691773056983948e-02
9.669822454452514648e-02
8.662278205156326294e-02
8.865564316511154175e-02
8.690031617879867554e-02
3.644485399127006531e-02
3.352069482207298279e-02
3.820522874593734741e-02
3.693101555109024048e-02
3.404277563095092773e-02
