-2.228187561035156250e+00
-2.733126401901245117e+00
-5.185059547424316406e+00
-5.695869445800781250e+00
-7.667703628540039062e+00
-3.003901958465576172e+00
-9.156291961669921875e+00
-8.125791549682617188e+00
-1.752274990081787109e+00
-4.577106475830078125e+00
-1.352920913696289062e+01
-6.905107975006103516e+00
-2.368748474121093750e+01
-1.587770462036132812e+00
-7.986440658569335938e+00
-2.095261001586914062e+01
-3.472634792327880859e+00
-3.344502925872802734e+00
-3.461236715316772461e+00
-7.468713760375976562e+00
-3.131134510040283203e+00
-5.202791213989257812e+00
