3.551263362169265747e-02
3.848117217421531677e-02
3.373581543564796448e-02
4.876488074660301208e-02
3.935172408819198608e-02
6.816726922988891602e-02
3.782540559768676758e-02
3.755643963813781738e-02
3.690037131309509277e-02
3.881691396236419678e-02
3.836951404809951782e-02
3.446923568844795227e-02
3.466169163584709167e-02
3.550593927502632141e-02
3.395542502403259277e-02
3.426141664385795593e-02
3.811763972043991089e-02
3.339468315243721008e-02
4.183766990900039673e-02
4.044864326715469360e-02
4.216815158724784851e-02
3.779152408242225647e-02
4.097952693700790405e-02
3.487239778041839600e-02
3.911938890814781189e-02
3.554297611117362976e-02
5.250385776162147522e-02
3.712821006774902344e-02
3.624039515852928162e-02
3.615699708461761475e-02
3.695248439908027649e-02
5.082313716411590576e-02
3.340996801853179932e-02
3.448254987597465515e-02
5.957931280136108398e-02
3.820470720529556274e-02
9.186485409736633301e-02
3.188455849885940552e-02
5.677999928593635559e-02
3.148745000362396240e-02
4.564082995057106018e-02
5.154385417699813843e-02
4.715569317340850830e-02
5.370056256651878357e-02
4.359315708279609680e-02
5.433387681841850281e-02
4.914265125989913940e-02
5.661053583025932312e-02
4.204745218157768250e-02
4.919184744358062744e-02
5.311933532357215881e-02
4.457224532961845398e-02
4.800493270158767700e-02
3.810378909111022949e-02
4.486152157187461853e-02
4.869780689477920532e-02
3.518088907003402710e-02
3.452331200242042542e-02
9.771016240119934082e-02
4.917918890714645386e-02
8.607004582881927490e-02
3.361450508236885071e-02
8.631939440965652466e-02
8.556348830461502075e-02
8.751935511827468872e-02
1.018859520554542542e-01
8.680968731641769409e-02
8.555039763450622559e-02
