-6.682260990142822266e+00
-1.469016551971435547e+00
-4.965090751647949219e+00
-3.117101907730102539e+00
-1.194569396972656250e+01
-4.535197257995605469e+00
-4.145833969116210938e+00
-2.089414596557617188e+00
-4.389428138732910156e+00
-3.616427183151245117e+00
-1.115506553649902344e+01
-4.142168521881103516e+00
-1.140794563293457031e+01
-1.813090801239013672e+00
-3.651203155517578125e+00
-1.926186323165893555e+00
-3.789826154708862305e+00
-5.930852413177490234e+00
-6.159898757934570312e+00
-4.043020248413085938e+00
-2.250900268554687500e+00
-6.400319099426269531e+00
-6.674115180969238281e+00
-3.189152002334594727e+00
-4.565104484558105469e+00
-2.561352729797363281e+00
-8.617916107177734375e+00
-3.056064605712890625e+00
-9.154571533203125000e+00
-1.984971284866333008e+00
-4.576409339904785156e+00
-8.142134666442871094e+00
-2.607515811920166016e+00
-3.773690938949584961e+00
-1.883698272705078125e+01
-3.896292686462402344e+00
-9.914238452911376953e-01
-3.140423536300659180e+00
-1.120434379577636719e+01
-3.953665971755981445e+00
-5.802453041076660156e+00
-5.762628078460693359e+00
-9.045049667358398438e+00
-9.293409347534179688e+00
-8.339589118957519531e+00
-6.914722442626953125e+00
-1.351888275146484375e+01
-4.420571804046630859e+00
-2.422168731689453125e+00
-1.115214157104492188e+01
-6.471693515777587891e+00
-5.007224082946777344e+00
-9.685791015625000000e+00
-4.771494865417480469e+00
-1.402050781250000000e+01
-1.196184349060058594e+01
-5.589082241058349609e+00
-2.187588691711425781e+00
2.051013112068176270e-01
-6.245523452758789062e+00
-1.610049962997436523e+00
-3.159909009933471680e+00
-2.531395673751831055e+00
-8.862017631530761719e+00
-8.409923315048217773e-01
-6.945449829101562500e+00
-4.420301437377929688e+00
-5.187637329101562500e+00
