3.240122985839843750e+01
6.608557224273681641e+00
2.286006736755371094e+01
1.557933521270751953e+01
8.336389160156250000e+01
9.988355636596679688e+00
1.953560638427734375e+01
1.367903995513916016e+01
4.793620300292968750e+01
2.285748863220214844e+01
4.241433334350585938e+01
2.811329460144042969e+01
3.041934585571289062e+01
7.572586059570312500e+00
1.222551250457763672e+01
1.833392715454101562e+01
2.376120758056640625e+01
2.176785087585449219e+01
4.997628784179687500e+01
1.719917106628417969e+01
1.019124317169189453e+01
2.786907958984375000e+01
3.320798492431640625e+01
8.638576507568359375e+00
1.431396865844726562e+01
1.340492820739746094e+01
1.083625602722167969e+01
1.207197380065917969e+01
2.717766952514648438e+01
1.008998680114746094e+01
7.601608753204345703e+00
3.855735778808593750e+01
1.262197494506835938e+01
4.746360301971435547e+00
3.842343902587890625e+01
1.434073352813720703e+01
2.468058776855468750e+01
1.207583904266357422e+01
1.203374671936035156e+01
1.484016513824462891e+01
2.122389984130859375e+01
1.193422985076904297e+01
1.234737873077392578e+01
4.784942245483398438e+01
1.594708251953125000e+01
7.016457557678222656e+00
2.778274536132812500e+01
5.641763210296630859e+00
7.637587547302246094e+00
2.207264137268066406e+01
2.263857841491699219e+01
1.109867095947265625e+02
4.099776077270507812e+01
3.152372741699218750e+01
2.570608711242675781e+01
4.143507766723632812e+01
1.367998695373535156e+01
8.831365585327148438e+00
1.635070419311523438e+01
1.348921394348144531e+01
1.023454666137695312e+01
1.200703048706054688e+01
8.596140861511230469e+00
2.120976638793945312e+01
1.567485046386718750e+01
2.079360580444335938e+01
2.286845970153808594e+01
2.354610443115234375e+01
