1.362631034851074219e+01
3.709571075439453125e+01
3.203350830078125000e+01
1.762281036376953125e+01
1.204033756256103516e+01
2.033551788330078125e+01
6.161471557617187500e+01
2.653398513793945312e+01
7.615446090698242188e+00
1.935385131835937500e+01
3.446284866333007812e+01
1.998090934753417969e+01
6.046440124511718750e+01
2.774193382263183594e+01
2.928815841674804688e+01
9.430571746826171875e+01
2.171961402893066406e+01
1.125074005126953125e+01
1.606527328491210938e+01
2.720918464660644531e+01
1.274391269683837891e+01
2.139668273925781250e+01
