1.796925626695156097e-02
1.525797601789236069e-02
1.848856359720230103e-02
1.942409016191959381e-02
1.390406861901283264e-02
1.522621791809797287e-02
1.636282354593276978e-02
1.565152220427989960e-02
2.447282895445823669e-02
1.965605840086936951e-02
1.564491540193557739e-02
1.645854488015174866e-02
1.528560277074575424e-02
1.404774654656648636e-02
1.616554334759712219e-02
1.337982527911663055e-02
1.456201542168855667e-02
1.317756809294223785e-02
1.817415840923786163e-02
1.761266589164733887e-02
1.539049390703439713e-02
1.362164039164781570e-02
1.900749653577804565e-02
1.820220611989498138e-02
1.482287608087062836e-02
1.856841519474983215e-02
1.288724131882190704e-02
1.679309830069541931e-02
1.587691158056259155e-02
2.128910273313522339e-02
1.544151827692985535e-02
1.335461996495723724e-02
1.918951421976089478e-02
1.429102197289466858e-02
1.300030853599309921e-02
1.541482098400592804e-02
1.541838049888610840e-02
1.856833137571811676e-02
1.265976950526237488e-02
1.698729209601879120e-02
2.223647385835647583e-02
1.132827065885066986e-02
1.765100285410881042e-02
1.310390792787075043e-02
1.713359728455543518e-02
1.252702530473470688e-02
1.435584947466850281e-02
1.399215962737798691e-02
1.727952621877193451e-02
1.841175742447376251e-02
1.695547439157962799e-02
2.122475579380989075e-02
1.851554028689861298e-02
2.040478214621543884e-02
1.922112144529819489e-02
1.668189838528633118e-02
1.810205914080142975e-02
1.883887127041816711e-02
2.021147124469280243e-02
1.942859962582588196e-02
2.075042203068733215e-02
2.511997893452644348e-02
2.108916267752647400e-02
2.137927152216434479e-02
2.095722220838069916e-02
1.793063804507255554e-02
2.207867242395877838e-02
2.309341356158256531e-02
