1.931029558181762695e-02
1.904789544641971588e-02
2.076070755720138550e-02
1.597318053245544434e-02
1.249814685434103012e-02
1.421809569001197815e-02
1.654169894754886627e-02
1.220105774700641632e-02
1.952270977199077606e-02
2.071184851229190826e-02
1.568829827010631561e-02
1.952931471168994904e-02
1.633594743907451630e-02
2.147098444402217865e-02
2.209184132516384125e-02
1.848540827631950378e-02
1.973383873701095581e-02
1.611520908772945404e-02
1.325496658682823181e-02
1.791037060320377350e-02
1.881038956344127655e-02
1.674127578735351562e-02
